6 8 13 15 23 40
1 2 14 18 22 23
12 20 29 30 34 39
6 7 16 25 39 43
4 8 11 12 15 22
1 11 16 18 31 40
1 6 17 21 27 42
4 5 10 25 28 30
2 13 15 28 36 42
2 8 12 23 25 35
12 18 23 28 34 37
6 9 11 17 38 42
5 10 13 15 29 40
6 10 13 14 28 35
1 5 13 14 26 39
11 18 36 37 39 43
2 13 19 22 35 40
15 18 19 21 31 35
1 12 16 18 28 29
4 12 18 20 23 33
1 14 19 24 26 32
6 11 14 24 26 36
7 16 17 24 39 43
6 13 18 27 36 42
1 15 21 22 26 37
1 8 15 30 35 43
11 17 18 29 38 43
11 13 30 37 38 41
5 8 18 30 34 43
17 25 27 31 38 41
7 22 23 24 29 31
3 13 16 28 33 36
2 6 11 15 23 38
16 18 24 27 30 32
5 15 17 31 37 39
5 7 14 18 22 25
4 15 24 33 40 42
4 6 19 21 23 33
5 6 11 16 32 43
6 7 19 28 37 38
12 16 17 32 34 39
17 23 28 29 36 42
6 10 11 14 38 43
3 12 15 17 25 41
10 22 23 27 37 43
3 20 26 31 33 37
17 23 24 30 31 35
10 12 15 23 27 33
1 8 14 24 25 38
9 24 27 29 34 40
3 9 12 19 21 42
6 8 18 32 36 37
4 13 20 21 29 41
9 11 12 14 21 25
7 11 25 38 40 42
2 5 29 35 37 40
3 7 29 40 42 43
9 14 16 23 32 34
8 23 24 28 31 41
8 21 26 28 30 32
13 20 23 35 37 43
5 6 18 32 33 39
12 16 19 25 32 39
15 24 26 32 35 41
1 2 18 27 35 40
2 3 4 8 12 38
3 15 19 21 23 35
5 9 12 23 24 37
4 6 17 25 32 40
4 14 22 25 35 39
21 25 37 38 40 43
7 16 21 29 35 43
10 18 26 30 39 42
4 7 18 22 39 43
5 17 32 35 38 39
6 7 14 29 31 38
9 14 18 26 30 38
9 16 21 22 26 34
4 13 25 27 31 33
8 9 28 30 37 43
2 6 12 28 31 38
4 13 21 28 30 41
11 17 22 25 28 40
2 8 12 33 39 40
5 10 19 20 31 33
3 11 13 36 40 42
2 6 22 28 40 42
1 11 30 33 37 39
1 5 26 30 37 39
16 17 21 23 27 35
14 24 28 30 33 37
8 15 24 26 34 41
1 2 7 14 32 34
9 13 18 26 29 32
8 10 16 27 29 41
1 10 11 13 36 41
6 20 37 38 40 43
18 26 33 39 40 42
17 20 31 39 41 42
2 4 5 13 14 43
